realization     PHI             
0               6.405000e+03    
1               6.327000e+03    
2               6.544000e+03    
3               6.322000e+03    
5               6.311000e+03    
6               6.524000e+03    
7               6.375000e+03    
8               6.459000e+03    
9               6.504000e+03    
10              6.604000e+03    
11              6.278000e+03    
12              6.275000e+03    
13              6.263000e+03    
15              5.941000e+03    
17              9.060000e+03    
19              6.480000e+03    
20              6.234000e+03    
21              6.218000e+03    
22              6.335000e+03    
23              6.312000e+03    
24              6.423000e+03    
25              6.621000e+03    
26              6.396000e+03    
27              5.948000e+03    
28              6.265000e+03    
30              6.480000e+03    
31              6.298000e+03    
32              6.335000e+03    
33              6.433000e+03    
34              6.526000e+03    
37              6.285000e+03    
38              6.452000e+03    
39              6.310000e+03    
40              6.106000e+03    
41              7.413000e+03    
44              6.363000e+03    
45              6.345000e+03    
46              6.314000e+03    
47              6.489000e+03    
48              6.278000e+03    
49              6.244000e+03    
50              5.922000e+03    
51              6.529000e+03    
52              6.337000e+03    
53              6.313000e+03    
54              6.492000e+03    
56              6.414000e+03    
57              6.229000e+03    
58              6.561000e+03    
59              6.331000e+03    
60              6.228000e+03    
61              6.360000e+03    
62              6.318000e+03    
63              6.352000e+03    
64              6.177000e+03    
65              6.363000e+03    
66              5.811000e+03    
67              6.552000e+03    
68              6.252000e+03    
69              6.301000e+03    
70              6.282000e+03    
71              6.404000e+03    
72              6.245000e+03    
73              6.465000e+03    
74              6.455000e+03    
76              6.486000e+03    
77              6.434000e+03    
78              6.313000e+03    
80              6.398000e+03    
81              6.283000e+03    
82              6.181000e+03    
84              6.367000e+03    
85              6.306000e+03    
86              6.391000e+03    
87              6.353000e+03    
88              6.288000e+03    
90              6.114000e+03    
91              6.341000e+03    
92              6.391000e+03    
93              6.451000e+03    
94              6.337000e+03    
95              6.442000e+03    
96              6.662000e+03    
97              6.404000e+03    
98              6.328000e+03    
99              6.026000e+03    
100             6.337000e+03    
102             6.412000e+03    
103             6.449000e+03    
104             6.281000e+03    
105             6.283000e+03    
107             6.290000e+03    
108             6.315000e+03    
109             6.033000e+03    
110             6.378000e+03    
111             8.873000e+03    
112             6.293000e+03    
113             6.263000e+03    
114             6.331000e+03    
115             6.328000e+03    
116             6.688000e+03    
117             6.436000e+03    
118             6.399000e+03    
119             6.427000e+03    
120             6.253000e+03    
122             6.418000e+03    
123             6.330000e+03    
124             6.304000e+03    
125             6.296000e+03    
126             6.399000e+03    
127             6.310000e+03    
128             6.665000e+03    
129             6.389000e+03    
130             6.286000e+03    
131             6.461000e+03    
132             6.347000e+03    
133             6.454000e+03    
135             6.601000e+03    
136             6.368000e+03    
137             5.992000e+03    
138             6.229000e+03    
139             8.968000e+03    
140             6.437000e+03    
141             6.356000e+03    
142             6.417000e+03    
143             6.404000e+03    
144             6.343000e+03    
145             7.216000e+03    
146             6.578000e+03    
147             6.321000e+03    
148             6.479000e+03    
149             6.386000e+03    
150             6.371000e+03    
151             6.250000e+03    
152             6.334000e+03    
153             6.389000e+03    
154             6.389000e+03    
155             6.499000e+03    
156             6.326000e+03    
157             6.381000e+03    
159             5.913000e+03    
160             7.270000e+03    
161             6.268000e+03    
162             6.397000e+03    
163             7.345000e+03    
165             6.497000e+03    
166             6.427000e+03    
167             6.260000e+03    
168             6.325000e+03    
169             6.268000e+03    
170             6.463000e+03    
171             6.472000e+03    
173             6.241000e+03    
174             6.275000e+03    
175             6.420000e+03    
176             6.271000e+03    
177             6.531000e+03    
179             6.286000e+03    
180             6.430000e+03    
181             6.284000e+03    
182             6.283000e+03    
183             7.084000e+03    
184             8.788000e+03    
185             6.501000e+03    
186             6.308000e+03    
189             6.424000e+03    
190             6.390000e+03    
191             6.476000e+03    
192             6.372000e+03    
194             6.478000e+03    
195             5.965000e+03    
196             6.309000e+03    
197             6.249000e+03    
198             6.339000e+03    
199             6.082000e+03    
200             6.229000e+03    
201             6.493000e+03    
202             6.598000e+03    
203             6.301000e+03    
204             6.408000e+03    
205             6.286000e+03    
206             6.325000e+03    
207             6.374000e+03    
208             6.212000e+03    
209             6.473000e+03    
210             6.333000e+03    
213             6.389000e+03    
214             6.055000e+03    
215             6.280000e+03    
216             6.481000e+03    
217             6.198000e+03    
218             6.490000e+03    
219             6.465000e+03    
220             6.751000e+03    
221             6.234000e+03    
222             6.354000e+03    
223             6.434000e+03    
224             6.355000e+03    
225             6.255000e+03    
226             6.313000e+03    
227             6.505000e+03    
228             6.417000e+03    
229             6.381000e+03    
230             6.424000e+03    
231             6.473000e+03    
232             6.436000e+03    
233             6.591000e+03    
234             6.273000e+03    
235             5.977000e+03    
236             6.419000e+03    
237             6.225000e+03    
239             6.375000e+03    
241             6.408000e+03    
242             6.451000e+03    
243             6.363000e+03    
244             6.473000e+03    
245             6.316000e+03    
246             6.240000e+03    
247             6.462000e+03    
249             6.295000e+03    
250             6.143000e+03    
251             6.256000e+03    
252             6.345000e+03    
253             6.341000e+03    
254             6.295000e+03    
255             5.954000e+03    
256             6.324000e+03    
257             6.499000e+03    
258             6.272000e+03    
259             6.592000e+03    
260             6.367000e+03    
261             6.288000e+03    
262             6.481000e+03    
263             6.421000e+03    
264             5.901000e+03    
265             6.363000e+03    
266             7.056000e+03    
268             6.380000e+03    
269             6.203000e+03    
270             6.498000e+03    
271             6.378000e+03    
272             6.361000e+03    
273             6.346000e+03    
274             6.363000e+03    
275             6.435000e+03    
276             6.312000e+03    
278             7.660000e+03    
279             6.316000e+03    
280             6.470000e+03    
281             6.497000e+03    
282             6.376000e+03    
283             6.338000e+03    
284             6.404000e+03    
285             6.421000e+03    
286             6.311000e+03    
287             6.413000e+03    
288             6.350000e+03    
289             6.622000e+03    
290             6.145000e+03    
291             6.470000e+03    
292             6.327000e+03    
293             5.983000e+03    
294             6.120000e+03    
295             6.288000e+03    
299             6.338000e+03    
300             6.230000e+03    
301             6.235000e+03    
303             6.338000e+03    
304             6.295000e+03    
305             6.564000e+03    
306             6.380000e+03    
308             6.332000e+03    
309             6.430000e+03    
310             6.250000e+03    
311             6.176000e+03    
312             6.305000e+03    
313             6.592000e+03    
314             6.372000e+03    
315             5.925000e+03    
316             6.435000e+03    
317             6.225000e+03    
319             6.432000e+03    
320             6.363000e+03    
322             6.384000e+03    
324             6.317000e+03    
325             6.465000e+03    
326             6.350000e+03    
327             6.226000e+03    
328             6.496000e+03    
329             6.358000e+03    
330             6.348000e+03    
331             6.408000e+03    
332             6.325000e+03    
333             6.324000e+03    
334             5.876000e+03    
335             6.360000e+03    
336             6.214000e+03    
337             6.407000e+03    
338             6.640000e+03    
339             6.331000e+03    
340             6.444000e+03    
341             6.362000e+03    
342             6.377000e+03    
343             6.336000e+03    
344             6.290000e+03    
346             6.618000e+03    
347             5.946000e+03    
348             6.313000e+03    
349             6.258000e+03    
350             6.349000e+03    
353             6.274000e+03    
354             6.392000e+03    
355             6.286000e+03    
356             6.267000e+03    
357             6.298000e+03    
358             6.403000e+03    
359             6.382000e+03    
360             6.340000e+03    
361             5.885000e+03    
362             6.354000e+03    
363             6.215000e+03    
364             6.250000e+03    
365             6.290000e+03    
366             6.541000e+03    
367             6.076000e+03    
369             6.398000e+03    
370             6.338000e+03    
372             6.438000e+03    
373             6.231000e+03    
374             6.466000e+03    
376             6.575000e+03    
377             6.389000e+03    
378             6.470000e+03    
380             6.512000e+03    
381             6.237000e+03    
383             6.376000e+03    
385             6.339000e+03    
386             6.307000e+03    
387             6.470000e+03    
388             6.308000e+03    
389             6.455000e+03    
390             6.668000e+03    
391             6.271000e+03    
392             6.384000e+03    
393             6.380000e+03    
394             6.097000e+03    
395             6.243000e+03    
396             6.046000e+03    
397             6.502000e+03    
398             6.368000e+03    
399             6.295000e+03    
400             6.332000e+03    
402             6.433000e+03    
403             6.354000e+03    
404             6.343000e+03    
405             6.243000e+03    
406             6.994000e+03    
408             5.858000e+03    
409             6.223000e+03    
411             6.557000e+03    
412             6.427000e+03    
413             6.351000e+03    
414             6.402000e+03    
415             6.348000e+03    
416             6.432000e+03    
417             5.999000e+03    
418             6.487000e+03    
419             6.397000e+03    
420             6.324000e+03    
421             6.294000e+03    
422             6.626000e+03    
423             6.547000e+03    
425             6.329000e+03    
426             6.413000e+03    
427             6.602000e+03    
428             6.319000e+03    
430             6.315000e+03    
431             6.314000e+03    
432             6.401000e+03    
433             6.236000e+03    
434             6.242000e+03    
435             6.435000e+03    
436             6.347000e+03    
437             6.056000e+03    
438             6.295000e+03    
439             6.328000e+03    
440             6.317000e+03    
441             6.229000e+03    
443             6.385000e+03    
444             6.528000e+03    
447             5.799000e+03    
448             6.327000e+03    
449             6.267000e+03    
450             6.167000e+03    
451             6.295000e+03    
453             6.313000e+03    
454             6.534000e+03    
455             6.376000e+03    
456             6.824000e+03    
457             6.267000e+03    
458             6.966000e+03    
459             6.252000e+03    
460             6.518000e+03    
461             6.643000e+03    
462             6.289000e+03    
463             6.283000e+03    
465             6.426000e+03    
466             6.237000e+03    
467             6.333000e+03    
468             6.422000e+03    
469             6.329000e+03    
470             6.252000e+03    
471             6.141000e+03    
472             6.276000e+03    
473             6.422000e+03    
474             6.324000e+03    
475             6.320000e+03    
477             6.056000e+03    
478             6.487000e+03    
479             6.508000e+03    
480             5.968000e+03    
481             6.495000e+03    
482             6.444000e+03    
483             6.757000e+03    
485             6.318000e+03    
486             6.283000e+03    
488             6.315000e+03    
489             6.455000e+03    
490             6.379000e+03    
491             6.356000e+03    
492             6.232000e+03    
493             6.372000e+03    
494             6.421000e+03    
495             6.311000e+03    
496             6.418000e+03    
497             6.418000e+03    
498             6.293000e+03    
499             6.269000e+03    
500             6.207000e+03    
501             6.346000e+03    
502             6.294000e+03    
503             6.252000e+03    
504             6.404000e+03    
505             6.020000e+03    
506             6.087000e+03    
507             6.217000e+03    
508             6.431000e+03    
510             8.686000e+03    
511             6.381000e+03    
512             6.574000e+03    
513             6.427000e+03    
515             6.427000e+03    
517             6.413000e+03    
518             6.359000e+03    
519             6.202000e+03    
521             6.293000e+03    
522             6.477000e+03    
523             6.400000e+03    
524             6.374000e+03    
525             6.218000e+03    
526             6.473000e+03    
527             6.293000e+03    
528             5.822000e+03    
529             6.216000e+03    
530             6.490000e+03    
531             6.405000e+03    
532             6.296000e+03    
533             6.424000e+03    
534             6.361000e+03    
535             6.401000e+03    
536             6.227000e+03    
537             6.375000e+03    
538             6.617000e+03    
539             6.443000e+03    
540             6.272000e+03    
542             6.608000e+03    
543             6.285000e+03    
545             6.458000e+03    
546             6.429000e+03    
547             6.204000e+03    
548             6.323000e+03    
549             6.462000e+03    
550             6.348000e+03    
551             6.254000e+03    
552             6.378000e+03    
553             6.430000e+03    
554             6.461000e+03    
555             6.281000e+03    
556             6.502000e+03    
557             6.253000e+03    
558             6.200000e+03    
559             6.341000e+03    
560             6.356000e+03    
561             6.373000e+03    
562             6.285000e+03    
563             6.225000e+03    
564             6.487000e+03    
565             6.330000e+03    
567             5.816000e+03    
568             6.344000e+03    
569             6.539000e+03    
570             6.309000e+03    
571             6.364000e+03    
572             6.339000e+03    
575             6.342000e+03    
576             6.221000e+03    
577             6.311000e+03    
578             6.396000e+03    
579             6.319000e+03    
580             6.500000e+03    
581             6.280000e+03    
584             6.218000e+03    
585             6.326000e+03    
586             6.473000e+03    
587             5.995000e+03    
588             6.556000e+03    
589             6.382000e+03    
591             6.384000e+03    
592             6.332000e+03    
593             6.392000e+03    
594             6.292000e+03    
595             6.387000e+03    
596             6.216000e+03    
597             6.387000e+03    
598             6.480000e+03    
599             6.334000e+03    
600             6.350000e+03    
601             6.322000e+03    
602             6.479000e+03    
603             6.703000e+03    
605             6.303000e+03    
606             6.226000e+03    
607             6.644000e+03    
608             6.557000e+03    
610             6.406000e+03    
611             6.393000e+03    
612             6.343000e+03    
613             6.356000e+03    
614             6.275000e+03    
615             6.086000e+03    
616             5.918000e+03    
617             6.249000e+03    
618             6.452000e+03    
619             6.373000e+03    
620             6.557000e+03    
621             6.250000e+03    
622             6.410000e+03    
623             5.884000e+03    
626             6.328000e+03    
627             6.850000e+03    
628             6.390000e+03    
629             6.283000e+03    
630             6.373000e+03    
631             6.372000e+03    
632             6.392000e+03    
633             6.250000e+03    
634             6.592000e+03    
635             6.432000e+03    
636             6.382000e+03    
637             6.301000e+03    
638             6.485000e+03    
640             6.053000e+03    
641             6.427000e+03    
642             6.722000e+03    
643             6.590000e+03    
644             6.318000e+03    
645             6.429000e+03    
647             6.222000e+03    
648             6.427000e+03    
649             7.013000e+03    
650             5.786000e+03    
651             6.399000e+03    
652             6.344000e+03    
653             6.429000e+03    
654             6.271000e+03    
655             6.394000e+03    
656             6.312000e+03    
657             6.514000e+03    
658             6.350000e+03    
660             6.403000e+03    
661             6.387000e+03    
662             6.307000e+03    
663             5.997000e+03    
664             6.425000e+03    
665             6.340000e+03    
666             6.391000e+03    
667             6.515000e+03    
668             6.321000e+03    
669             6.275000e+03    
670             5.974000e+03    
672             6.455000e+03    
673             6.252000e+03    
674             6.529000e+03    
675             6.123000e+03    
676             6.441000e+03    
678             6.342000e+03    
680             6.498000e+03    
681             6.219000e+03    
682             6.196000e+03    
684             6.349000e+03    
685             6.221000e+03    
686             6.323000e+03    
688             6.268000e+03    
689             6.404000e+03    
690             6.343000e+03    
691             6.040000e+03    
693             6.670000e+03    
694             6.369000e+03    
695             6.371000e+03    
696             6.391000e+03    
697             6.385000e+03    
698             6.362000e+03    
699             6.616000e+03    
700             6.227000e+03    
701             6.359000e+03    
703             6.348000e+03    
704             6.419000e+03    
705             6.580000e+03    
706             6.381000e+03    
707             7.023000e+03    
708             6.292000e+03    
709             6.731000e+03    
710             6.361000e+03    
711             6.470000e+03    
712             6.380000e+03    
714             6.352000e+03    
715             6.322000e+03    
716             6.428000e+03    
718             6.473000e+03    
719             6.287000e+03    
720             6.156000e+03    
721             7.663000e+03    
722             6.265000e+03    
723             6.312000e+03    
724             6.455000e+03    
725             6.594000e+03    
726             6.424000e+03    
727             6.242000e+03    
728             6.343000e+03    
729             6.419000e+03    
730             6.060000e+03    
731             6.409000e+03    
732             6.303000e+03    
733             6.126000e+03    
734             6.556000e+03    
735             6.533000e+03    
736             6.351000e+03    
737             6.381000e+03    
738             6.237000e+03    
740             6.400000e+03    
741             6.425000e+03    
742             6.338000e+03    
744             6.071000e+03    
745             6.312000e+03    
746             6.328000e+03    
747             6.521000e+03    
748             6.538000e+03    
749             6.401000e+03    
750             6.270000e+03    
751             6.350000e+03    
752             6.406000e+03    
753             6.290000e+03    
754             6.330000e+03    
755             6.360000e+03    
756             6.344000e+03    
757             6.252000e+03    
759             6.572000e+03    
760             6.042000e+03    
761             6.387000e+03    
762             6.365000e+03    
764             6.429000e+03    
765             6.381000e+03    
766             6.436000e+03    
767             6.471000e+03    
768             6.241000e+03    
769             6.459000e+03    
770             6.784000e+03    
771             6.259000e+03    
772             6.373000e+03    
773             6.415000e+03    
775             6.366000e+03    
776             6.247000e+03    
777             6.194000e+03    
778             6.322000e+03    
779             6.153000e+03    
780             6.376000e+03    
781             6.360000e+03    
782             6.397000e+03    
784             6.457000e+03    
785             6.541000e+03    
786             6.254000e+03    
789             6.075000e+03    
790             6.324000e+03    
791             6.711000e+03    
792             6.329000e+03    
793             6.333000e+03    
794             6.213000e+03    
795             6.305000e+03    
796             6.472000e+03    
797             6.345000e+03    
798             5.966000e+03    
799             6.269000e+03    
800             6.225000e+03    
801             6.382000e+03    
802             6.353000e+03    
803             6.283000e+03    
804             6.351000e+03    
806             6.183000e+03    
807             6.247000e+03    
808             6.310000e+03    
809             6.437000e+03    
810             6.431000e+03    
811             6.313000e+03    
812             6.322000e+03    
814             6.490000e+03    
815             6.499000e+03    
816             6.395000e+03    
817             6.313000e+03    
818             6.087000e+03    
821             6.446000e+03    
823             6.433000e+03    
824             5.958000e+03    
825             6.320000e+03    
826             6.412000e+03    
827             6.404000e+03    
828             6.488000e+03    
829             6.387000e+03    
830             6.527000e+03    
832             6.204000e+03    
833             6.314000e+03    
834             6.463000e+03    
835             6.366000e+03    
836             6.278000e+03    
837             6.398000e+03    
838             6.330000e+03    
839             6.328000e+03    
840             8.102000e+03    
841             6.443000e+03    
842             6.343000e+03    
843             6.354000e+03    
844             6.339000e+03    
845             6.319000e+03    
846             6.360000e+03    
847             6.017000e+03    
848             6.481000e+03    
849             6.275000e+03    
850             6.170000e+03    
851             6.402000e+03    
852             6.329000e+03    
853             6.339000e+03    
855             6.414000e+03    
856             6.521000e+03    
858             6.400000e+03    
859             6.438000e+03    
860             6.371000e+03    
861             6.505000e+03    
862             6.266000e+03    
863             6.315000e+03    
864             6.247000e+03    
865             6.470000e+03    
866             6.321000e+03    
867             6.452000e+03    
868             6.221000e+03    
869             6.286000e+03    
870             6.403000e+03    
872             6.300000e+03    
873             5.858000e+03    
874             6.427000e+03    
875             6.301000e+03    
877             6.405000e+03    
879             6.323000e+03    
881             6.536000e+03    
882             6.733000e+03    
883             6.298000e+03    
884             6.326000e+03    
885             6.409000e+03    
886             6.222000e+03    
888             6.557000e+03    
889             6.386000e+03    
890             6.416000e+03    
891             6.267000e+03    
892             6.529000e+03    
893             6.382000e+03    
894             6.231000e+03    
895             6.380000e+03    
896             5.823000e+03    
898             6.529000e+03    
899             6.379000e+03    
900             6.319000e+03    
901             6.369000e+03    
902             6.287000e+03    
903             6.407000e+03    
904             6.280000e+03    
905             6.463000e+03    
906             6.327000e+03    
907             6.326000e+03    
910             5.827000e+03    
911             6.307000e+03    
912             6.364000e+03    
913             6.455000e+03    
914             6.605000e+03    
915             6.421000e+03    
917             6.268000e+03    
919             6.329000e+03    
921             6.421000e+03    
924             6.116000e+03    
925             6.484000e+03    
926             6.344000e+03    
927             6.431000e+03    
929             6.379000e+03    
930             6.588000e+03    
931             6.319000e+03    
932             6.452000e+03    
933             6.453000e+03    
934             6.244000e+03    
935             7.219000e+03    
936             6.354000e+03    
937             6.285000e+03    
938             6.383000e+03    
939             6.324000e+03    
940             6.353000e+03    
941             6.542000e+03    
942             6.663000e+03    
943             6.371000e+03    
944             6.386000e+03    
945             6.456000e+03    
946             6.519000e+03    
948             6.385000e+03    
949             6.267000e+03    
950             6.456000e+03    
951             6.438000e+03    
953             6.427000e+03    
954             6.407000e+03    
955             6.066000e+03    
956             6.351000e+03    
957             6.256000e+03    
958             6.293000e+03    
959             6.331000e+03    
960             6.425000e+03    
961             6.426000e+03    
962             6.426000e+03    
963             6.432000e+03    
964             6.369000e+03    
965             6.072000e+03    
966             6.593000e+03    
967             6.330000e+03    
970             6.378000e+03    
971             6.912000e+03    
972             6.306000e+03    
973             6.381000e+03    
974             6.344000e+03    
975             6.455000e+03    
976             6.239000e+03    
978             6.336000e+03    
979             6.336000e+03    
980             6.346000e+03    
981             6.355000e+03    
982             6.425000e+03    
983             6.387000e+03    
985             6.342000e+03    
986             6.244000e+03    
988             6.391000e+03    
990             5.848000e+03    
991             6.308000e+03    
993             6.387000e+03    
994             6.222000e+03    
995             6.470000e+03    
996             6.175000e+03    
997             6.417000e+03    
998             6.301000e+03    
999             6.561000e+03    
